1.像朱平老师问好；
2.看看 B样条曲线  B样条曲线逼近    合并
3.B 样条曲线本质上是分段多项式,n 次曲线采样 n 个点, 插值一定可以重建；


################################################
曲线1
A1 =
x : 0 5 10 15 20 25 35 
y : 25 18 20 16 23 24 23 
A2 =
x : 35 40 45 50 55 60 65 
y : 23 25 23 22 30 22 15 



p11= 
     
         0 25.0000
    4.3750 20.0000
    7.5000 19.0000
   10.0000 19.2500
   12.5000 18.0000
   15.0000 17.3750
   17.5000 19.5000
   20.0000 22.2500
   22.5000 23.5000
   26.8750 23.6250
   35.0000 23.0000

p12=
   
   35.0000 23.0000
   39.3750 24.2500
   42.5000 24.0000
   45.0000 23.1250
   47.5000 22.5000
   50.0000 23.1250
   52.5000 26.0000
   55.0000 28.0000
   57.5000 26.0000
   60.6250 21.2500
   65.0000 15.0000


10控制点
mknots110=[0,0,0,0,0.14487501066996,0.28387813840892,0.41915984868222, 0.55560490261852,0.69659652559125,0.84422690561212,1,1,1,1]; 

 0.05091956182936 24.913173534056 
 0.9098063460802 22.535402011053 
 9.8722390147356 15.801318665629 
 17.937236533338 20.544673211937 
 27.545724993608 24.865167607182 
 39.087853421893 23.638956371753 
 49.896502150356 21.760633610066 
 58.430035167441 32.326891446225 
 62.553791438335 14.861575249215 
 64.992966899276 15.124444695882


15控制点
mknots115=[0,0,0,0,0.087189359065146,0.16892500156618,0.2480550388634, 0.32669189642223,0.40591390164656,0.4869439497054,0.56883644689745,0.65046692711676, 0.73331603656949,0.81822567526098,0.90634304036331,1,1,1,1]; 

 0.0005158945627477 25.001897495802 
 1.2355231024696 23.397097284274 
 4.1239088622059 18.641117960498 
 10.843366047414 19.338508884231 
 16.689342080667 16.243566904455 
 20.334827173427 24.302131532171 
 27.081148714731 23.989182587336 
 33.578793945732 21.49142739603 
 39.520074930174 25.946675696897 
 46.424920998368 21.416364487809 
 51.820067373303 24.365513852045 
 56.677563640819 30.562129688326 
 61.189947152537 17.513079644156 
 63.167849794748 19.782033886869 
 65.000403814646 14.998891063483

################################################
曲线2
A3 =
x : −21 −10 0 20 25 40 50 60 
y : 80 90 70 66 84 96 80 95 

A4 = 
x : 60 70 85 90 110 120 135 
y : 95 85 100 110 104 89 90

p21 =

  -21.0000  80.0000
  -11.5000  85.0000
   -5.0000  80.0000
    1.2500  72.0000
   10.0000  68.0000
   18.1250  68.7500
   22.5000  75.0000
   26.2500  83.2500
   32.5000  90.0000
   39.3750  92.5000
   45.0000  88.0000
   51.2500  85.7500
   60.0000  95.0000

p22 =
   
   60.0000   95.0000
   69.1512   90.1080
   76.5432   92.5309
   82.0833   97.9167
   85.8951  102.6173
   88.9660  105.7994
   92.5000  107.3333
   97.3765  107.1080
  103.1790  105.0864
  109.1667  101.2500
  115.1235   96.0000
  122.9321   91.4167
  135.0000   90.0000

20控制点
knots20=[0 0 0 0 0.05854765592303
	     0.1172421979051 0.17586994595697 0.23400477198141 0.29212078300102 0.35036829665564
	     0.4087916550845 0.46751695165556 0.52670536086549 0.58582857553006 0.6448746866516
	     0.70390856173254 0.76301205876003 0.82240493942323 0.88167660380939 0.94070933712377
	     1 1 1 1]

	[-20.925253578587 79.965467463634]
	[-19.082468681484 82.170435045694]
	[-8.2953636918885 88.308218839082]
	[-3.5393800442879 75.41334191494]
	[3.8809654026102 70.617233003334]
	[14.822583363084 64.312219357453]
	[24.087022808441 77.044593576134]
	[25.670429409826 82.282931887066]
	[35.325643968359 97.68791724474]
	[46.906034951601 81.79908124995]
	[56.639157446737 93.990288852014]
	[65.722006559806 92.946999210075]
	[76.065310365786 88.413408685585]
	[84.925015493856 102.52085585969]
	[91.419293686556 108.97319584837]
	[105.69411596683 105.23380327344]
	[113.58388049934 96.54391705398]
	[121.92781601662 91.668061561901]
	[131.70314252884 91.184184590181]
	[134.95532825258 89.977815475796]

