曲线1 
     0   25.0000
    3.0556   21.2222
    5.5556   19.2222
    7.5000   19.0000
    9.1667   19.3333
   10.8333   19.0000
   12.5000   18.0000
   14.1667   17.2778
   15.8333   17.7778
   17.5000   19.5000
   19.1667   21.5000
   20.8333   22.8333
   22.5000   23.5000
   25.0000   23.6667
   29.1667   23.5000
   35.0000   23.0000



曲线2
   35.0000   23.0000
   38.0556   24.0000
   40.5556   24.3333
   42.5000   24.0000
   44.1667   23.3889
   45.8333   22.8889
   47.5000   22.5000
   49.1667   22.6667
   50.8333   23.8333
   52.5000   26.0000
   54.1667   27.7778
   55.8333   27.7778
   57.5000   26.0000
   59.4444   23.0000
   61.9444   19.3333
   65.0000   15.0000