-20.925253578587 79.965467463634
-19.082468681484 82.170435045694
-8.2953636918885 88.308218839082
-3.5393800442879 75.41334191494
3.8809654026102 70.617233003334
14.822583363084 64.312219357453
24.087022808441 77.044593576134
25.670429409826 82.282931887066
35.325643968359 97.68791724474
46.906034951601 81.79908124995
56.639157446737 93.990288852014
65.722006559806 92.946999210075
76.065310365786 88.413408685585
84.925015493856 102.52085585969
91.419293686556 108.97319584837
105.69411596683 105.23380327344
113.58388049934 96.54391705398
121.92781601662 91.668061561901
131.70314252884 91.184184590181
134.95532825258 89.977815475796