-20.999834194898 80.000192036455
-18.304971571566 80.38137777557
-17.598825680422 84.558474046677
-8.3507634005896 85.335190580495
-5.8884105226839 80.823879058937
-2.3803112816332 76.026218742709
1.0641999608852 71.837759684388
6.3265765455475 68.822650200814
11.560205807186 67.997527884177
17.29836236763 66.997613355879
22.874638503612 73.886773488671
23.527718567755 79.034868852464
26.624095053586 83.80799274693
29.853135132971 87.614410568893
34.160955686987 91.894245010361
42.277000409298 93.629571684709
45.228671965825 85.305256489926
53.272999941138 84.745212273732
57.036109416566 92.998915533995
61.671428961027 96.323328377273
67.263959964666 88.534340985113
72.939200608365 91.309181841848
77.086847905465 92.20126295571
82.668863989592 98.530217950011
86.558334952144 103.53084029842
90.380820305155 107.55970639156
96.443498184156 107.51099987736
102.54701099614 105.86129915496
109.14834119168 101.37263173424
112.58856409963 98.353837768774
116.57885915682 94.357051492069
122.04692767773 92.337788021716
128.99780371141 91.64391071082
132.69599153934 90.242916617729
135.00027473401 90.000281538283